img DB 0, 0, 0, 0, 0, 0, 0, 0, 0, 0, 0, 0, 0, 0, 0, 0, 0, 0, 0, 0, 0, 0, 0, 0, 0, 0, 0, 0, 0, 0, 0, 0, 0, 0, 0, 0, 0, 0, 0, 0 
 DB 0, 0, 0, 0, 0, 0, 19, 19, 19, 19, 19, 0, 0, 0, 0, 0, 0, 0, 0, 0, 0, 0, 0, 0, 0, 0, 0, 0, 0, 0, 0, 0, 0, 0, 0, 0, 0, 19, 77, 151 
 DB 77, 151, 77, 19, 0, 0, 0, 0, 0, 0, 0, 0, 0, 0, 0, 0, 0, 0, 0, 0, 0, 0, 0, 0, 0, 0, 0, 0, 0, 19, 77, 151, 77, 151, 151, 19, 19, 19, 19, 0 
 DB 0, 0, 0, 0, 0, 0, 0, 0, 0, 0, 0, 0, 0, 0, 0, 0, 0, 0, 0, 0, 0, 19, 19, 19, 4, 4, 4, 19, 77, 77, 77, 19, 0, 0, 0, 0, 0, 0, 0, 0 
 DB 0, 0, 0, 0, 0, 0, 0, 0, 0, 0, 0, 0, 0, 0, 0, 0, 19, 4, 151, 151, 151, 77, 77, 77, 19, 0, 0, 0, 0, 0, 0, 0, 0, 0, 0, 0, 19, 19, 19, 19 
 DB 19, 19, 19, 19, 19, 19, 19, 19, 112, 4, 112, 151, 151, 151, 151, 77, 77, 19, 0, 0, 0, 0, 0, 0, 0, 0, 19, 19, 4, 4, 4, 4, 4, 4, 4, 4, 4, 4, 4, 112 
 DB 0, 4, 0, 112, 151, 151, 151, 151, 151, 19, 42, 43, 0, 0, 0, 0, 0, 19, 64, 64, 64, 64, 64, 64, 64, 64, 64, 64, 64, 64, 64, 112, 4, 4, 4, 112, 112, 4, 112, 4 
 DB 40, 64, 42, 44, 44, 0, 0, 0, 0, 0, 19, 19, 40, 40, 40, 40, 40, 40, 40, 40, 40, 40, 40, 112, 0, 4, 0, 112, 151, 151, 151, 151, 4, 40, 19, 0, 0, 0, 0, 0 
 DB 0, 0, 0, 0, 19, 19, 19, 19, 19, 19, 19, 19, 19, 19, 19, 19, 112, 4, 112, 151, 151, 151, 151, 151, 151, 19, 19, 19, 0, 0, 0, 0, 0, 0, 0, 0, 0, 0, 0, 0 
 DB 0, 19, 19, 19, 19, 151, 151, 151, 151, 4, 151, 151, 77, 77, 77, 151, 77, 77, 77, 77, 19, 0, 0, 0, 0, 0, 19, 19, 19, 19, 19, 19, 19, 77, 77, 77, 77, 77, 77, 151 
 DB 4, 4, 4, 151, 77, 100, 151, 77, 77, 151, 151, 19, 0, 0, 0, 0, 0, 19, 77, 77, 77, 100, 100, 100, 100, 100, 77, 100, 77, 100, 77, 151, 151, 151, 100, 151, 77, 77, 100, 151 
 DB 77, 77, 77, 77, 42, 66, 66, 0, 19, 77, 77, 100, 100, 47, 47, 47, 100, 100, 100, 100, 100, 77, 100, 77, 77, 77, 100, 77, 77, 77, 100, 77, 77, 77, 77, 77, 43, 44, 44, 44 
 DB 19, 77, 100, 47, 73, 73, 73, 73, 47, 100, 100, 100, 77, 100, 77, 100, 100, 100, 100, 151, 77, 77, 100, 151, 77, 77, 151, 19, 0, 0, 0, 0, 19, 77, 100, 47, 73, 73, 73, 73 
 DB 47, 100, 100, 100, 77, 100, 77, 100, 100, 100, 100, 151, 77, 77, 100, 151, 77, 77, 151, 19, 0, 0, 0, 0, 19, 77, 77, 100, 100, 47, 47, 47, 100, 100, 100, 100, 100, 77, 100, 77 
 DB 77, 77, 100, 77, 77, 77, 100, 77, 77, 77, 77, 77, 43, 44, 44, 44, 0, 19, 77, 77, 77, 100, 100, 100, 100, 100, 77, 100, 77, 100, 77, 151, 151, 151, 100, 151, 77, 77, 100, 151 
 DB 77, 77, 77, 77, 42, 66, 66, 0, 0, 0, 19, 19, 19, 19, 19, 19, 19, 77, 77, 77, 77, 77, 77, 151, 4, 4, 4, 151, 77, 100, 151, 77, 77, 151, 151, 19, 0, 0, 0, 0 
 DB 0, 0, 0, 0, 0, 0, 0, 0, 0, 19, 19, 19, 19, 151, 151, 151, 151, 4, 151, 151, 77, 77, 77, 151, 77, 77, 77, 77, 19, 0, 0, 0, 0, 0, 0, 0, 19, 19, 19, 19 
 DB 19, 19, 19, 19, 19, 19, 19, 19, 112, 4, 112, 151, 151, 151, 151, 151, 151, 19, 19, 19, 0, 0, 0, 0, 0, 0, 19, 19, 40, 40, 40, 40, 40, 40, 40, 40, 40, 40, 40, 112 
 DB 0, 4, 0, 112, 151, 151, 151, 151, 4, 40, 19, 0, 0, 0, 0, 0, 0, 19, 64, 64, 64, 64, 64, 64, 64, 64, 64, 64, 64, 64, 64, 112, 4, 4, 4, 112, 112, 4, 112, 4 
 DB 40, 64, 42, 44, 44, 0, 0, 0, 0, 0, 19, 19, 4, 4, 4, 4, 4, 4, 4, 4, 4, 4, 4, 112, 0, 4, 0, 112, 151, 151, 151, 151, 151, 19, 42, 43, 0, 0, 0, 0 
 DB 0, 0, 0, 0, 19, 19, 19, 19, 19, 19, 19, 19, 19, 19, 19, 19, 112, 4, 112, 151, 151, 151, 151, 77, 77, 19, 0, 0, 0, 0, 0, 0, 0, 0, 0, 0, 0, 0, 0, 0 
 DB 0, 0, 0, 0, 0, 0, 0, 0, 19, 4, 151, 151, 151, 77, 77, 77, 19, 0, 0, 0, 0, 0, 0, 0, 0, 0, 0, 0, 0, 0, 0, 0, 0, 0, 0, 0, 0, 19, 19, 19 
 DB 4, 4, 4, 19, 77, 77, 77, 19, 0, 0, 0, 0, 0, 0, 0, 0, 0, 0, 0, 0, 0, 0, 0, 0, 0, 0, 0, 0, 0, 19, 77, 151, 77, 151, 151, 19, 19, 19, 19, 0 
 DB 0, 0, 0, 0, 0, 0, 0, 0, 0, 0, 0, 0, 0, 0, 0, 0, 0, 0, 0, 0, 0, 19, 77, 151, 77, 151, 77, 19, 0, 0, 0, 0, 0, 0, 0, 0, 0, 0, 0, 0 
 DB 0, 0, 0, 0, 0, 0, 0, 0, 0, 0, 0, 0, 0, 0, 19, 19, 19, 19, 19, 0, 0, 0, 0, 0, 0, 0, 0, 0, 0, 0, 0, 0, 0, 0, 0, 0, 0, 0, 0, 0 
 DB 0, 0, 0, 0, 0, 0, 0, 0, 0, 0, 0, 0, 0, 0, 0, 0, 0, 0, 0, 0, 0, 0, 0, 0